102 830 974
183 513 234 285 864
209 749 763 751
302 549 67 17
801 827 148 29
226 163
1 401 893
339 94 399 585 604 855 646 447 194 375
877 62 235 414 473
105 277
378 45 982 447 278 633 223 90 465
883 764 762
680 192 483 916 193 959 5
261 302
176 212 550 620 116
315
310 255 548 261
834 830 566 985 494
788 376 902 447
158 56
212 368 646 652 70 309 259 283 45 414 397 633 150 397
2 143 530 385 554 770 220
492 656 171 746 798 936 942 466 991
264 8 304 996 754
583 304 401 413 930 70 604
594 775 964 110 153 312 842 192 611 790 289 304 304 741
312 547 440 674 864 46 655
362
795 303 634 591 804 884 143 198 188
33 426 34 646 712 775 987 252 584 910
193 50 966 117 703 770 394 101 8 652
827 414 866 959 646 276 870 639 901 988 863
422 836 930 131 176 460 145
645 594 904
592 647 34 878 760 864 117 295
116 663 933 624 893 919 732 176 237 647 941 554 968
857 684 150 237 201
698 284 884
663 959 61 395 904
231 902 341
251 867 414 959 588 87 530 549 615
168 538 916 4
45 69 794 1 176 678 233
943 616 468 718 989 834 455
538 70 148 54 600 414 294 402 424
149 950 711 385 950 45 429
673 849 257 687 560 786
436 228 226 315 863
271 395 222
537 902 769 437 62 265
347 771 568 330 494 594 913
715 764 690 542 532 33 524 550 988 1 455
70 331 561 616 556 687 821 472 646 753
88 617 788 456 928 908 207 97 550
485 222 61 548 335 512 22 140 731 163 265
500 611 790 187 955 667 549 615
873 216 639 375 916
663 19
487 119 535 286 548 727
830 75 512 901 870 91 765 464
196 71 592 125 145
890 26 401 802 312 165 408 155 69 196 921 302
956 1 226 516 433 0 330 548
639 90 888 913 746
611 619 711
145 515 45 347 986 737 764 149 827
20 604 643 378 833
935 3 228 617 538 646 105 343 498 757 288 760
17 183 348 440 817 837
255 113 228 959
470 13 534
817 97 522 688 476 228 328 764 381
391 422 858 276 611 797 866 964
462 496 937 633 318 343 460 255 643
33 643 530 771
131 479 271 94 638
69 492 937 652 950
185 592 105 468 716
836 149 113 255 643 440
43 509 353 363 687
70 226 148 569 177 555 960 399
131 813
302 269 389 284 306 770 513 872 17 70 432 514 639 986
711 732 752 188 757 528 150 639 548 463
196 327 964 2 8 327
924 27 394 269 744 827
235 873 3 163 414 611 643 715 905 68
341 492 788 673 849
348 899 964 455 968 447 221 568
830 849 921 924 462 201 549 49 925 397 534 261 789
451 872 996 681 516 64 349 210 982 568 687
630 720 399 923 326
806 986 138 154 727 946 165 397
299 612 842 573 586 80 399
143 408 32 91 17 865
809 284 472 731 884 816
414 46 829 189 303 808 525 71
306 950 242 347 431 46 438
753 994 261 328
273 222 517 601 199 228 376 794 9 696 758 827 192
