242 228 196 966 765 779 219 912 920
260 799 585
555 878 61 564 70
592 941 578 788
93 183 885
713 269 242
128 723 624 107
154 71 473 294 316 61 506 625
761 395 71
872 176 737 775 460 178
755 261 649
14 930 150 483
633 335 548 127 780
754 764 956 379 783 61
503 457
244 39 548 678 70 805
317 492 341 265 90
771 209 589 795 155 194 514 553 856 150 188 61
715 764 532
212 548 447 921 645 192 814 145 749
769 118 695 29 200 290
811 304 309 189 760 128 604
753 209 842 8 591 611 761
558 801 550 591 600 817 437 555 339 399
646 441 865 883 136 663 865 192
143 408 32 91
753 290 311 510 830 540 189
483 537 845 538 207 769 792 62 265 913 585
70 131 830 753 462 226 775
799 646 304 182 375 916
426 558 550 558 46 252 399 432
13 966
863 562 118 375 968 959 779 608 781 88
233 456
375 222 962 176
394 610 194 473 656 751 779 402 264 441 873
46 226 604 786 149 770 808 716 525 206 285
116 933 624 893 551 852 61 711 959 72 399
61 811 375 788 388 150 128 35 1 327 849 666
68 923 715 764 968 532 779 988 781
623 451 513 185
878 436 345
681 830 522 646 5 362 816
181 490 104 873 309 692 135 364 895
71 916 266 436 964 297
567 315 513 70 312 898 305 131 548
608 570 585 285 220
395
681 911 893 996 952 140 866
643 779 535 230
884 964 271 617 524 568 643
908 385 463 70 548 591
534 731 959 180 966 469 257 5
66 45 102 656 547 549
3 419 743 829 538 820
912 538 148 165 572 414 864 663
121 562 298 619 295 545
681 105 540 27 142 548 902 385 678 740 61 375 663 762 79 105 34 549 19 239 694 414
284 295 180 312 188
612 512 872 652 988
265 397
859 562 62 210 647 34 500
181 767 538 754 180 512 924
814 786 538
378 588 833 22 487 446 188 261
634 903 374 273 548 482 26
130 306
17 183 81 646 872 228 547 864 26
427 864 698 748 748
608 116
685 385 340
379 500 303 311 395 4 196 70 336 375 468
41 554 721 19 781
892 27
5 804 524 1 500 290 67
529 29 163 192 528 66 472 512 223 341 17 290 311 510
251 797 214 769 852 483 816 784 775 271 548 593 63 498 890
284 295 312 966
27 180 941 140 138 91 140
991 381 457 94 277 459 663 87 983 544 265 640 913 176
195 5 492 842 803
32 687 47 362 551 786 102 470 163 83 257
226 236 767 816 265 918
176 359 878 769
363 827 237
732 142 260 108 435 363 236
226 905 974 554 795 866 986 774 723 888 366 422
2 843 758 138 179 268 87 727 801
289 964 647 530
140 512 708 42 131 347 575
150 769 561 284 723 786 622 138
555 432 520
294 761 849 703 616 125 853 447 177
130 843 268 687 87
148 548 855 163
753 921 996 151 257 66 226
176 163 440 873 49 45 381 143 70 513
753 277 749 91 935 436 647 547
760 608 283 2 149 674 715 746 207 0 597 931 522 726
94 150 764 820 281 602 662 432 656 732 936 127 303 365 398
