561 91 509 517
374 805 863 748 8 241 35 401 802 947 117 470 911 309 26 194
746 864
105 368 652 622 269 988 674 746 556 727
996 946 188 924 2
29 681 522 646 500 633
116
113
616 226 389 988
251 522 540 764 470 316 8 503 466 304
17 625 955
652 612 818 513 479 918 440
302 760
269 678
861 237 69 322 168 292 913 930
667 222 168 42 931
959 180 827 469 237
448 285 817 803 228 540
678 539 863
587 625 585 235 873 419
86 688 427 265
209 795 42 155 799
457 950
767 392 513 143 761 647 767 748
696 856 663 879 721 798 910 849 875 79 930
525 767 933 727 39 167 612 950 183
20 220 397 937
617 70 556 810
98 709 70
551 131 331 649
8 538 35 947 45 794
611 646 68
63 432
46 955 611 667 804 723
294 8 188 550
312 639 309 547 760 864 46 740 811 554
416 568 39 320
190 473
436 964 921 222 647 403
63 512 302 764 414 804
341 756 281 711 849
341 385
915 902 904 72 820 214 42 88 788 434
367 767
478 726 784 995 267
177 820 921 29 382 212 633 414 959 924 299
378 35 660 57 941 733
749 210 611 93
539 897 930 284 510 522 614 761
950 528 591
663 211 323 65 26 181 801
835 148 383 331 492
158 389 594 752 810 524 610 883
251 228 666
620 986 374 570 792 265 862 395 486 130 389 610 150 157 687 66 548
811 4 633 50 143 265 193 91 647 752 910
599 466 236 368 678 538 827 183 237 912 941 638 522
219 510 498 805 167 425 872
309 104 388 135 364
222 924 457 394 303 827
388 920 94
344 801 924 512
753 964 257 278 227 275 497 803
424 183 23 158 893 983
783 827 498 398 368 569 799 17 188
116 715 764 532 27 562 988 667 663
42 602 880 288 324
915 538 904 72 941
45 52 295 460 266 257 416 828
784 104 644 67 882 17 27
312 834 235 149
63 788 551 214 363 902 7 239 548 45 937
125 893 212 550 602 643
193 753 26 758 447 781 61 326 295 235 780
731 183 820 176 884
8 872 264 145 827 680
363 242 473 28
236 368 678 490 538 381 181 681 752 576 538 904
315 960 490 740
431 959 986 91 305 376 513 864
930 374 614
177 877
401 302 397 23
753 284 510
242 363 261 367
834 288 424 227
694 189 521 602 509 573 932 477 941
534 457 448 394 705 710 167 235
512 694
67 237 921 940 163
195 127 842 17 803 366 478
666 312 760 70 138 45 69 183 666
110 261 105 336 779 285 79 550 974
309 964 366 959 904 920 140 531
950 150 171 309 320 850 703 821 921
503 814 299
681 209 893 764 910 186 305 702
27 864 285
374 436
22 24 616
