753 478 771 904 921 341 151 912 436 792 908
626 617 456 928 136 221 207 663 550 804
584 753 466 522 827
154 766 817 163 991 136 883 791
522 686 232
424 835 45 68 228 988 647 864 277 539 56 72 423 689
52 880 399 765 242 916 679 246 522
34 700 26 304
959
762 788 0 432 5 522 183
775 492 61 5 184
34 753 116 749 181 2
538 5 892 107 226
52 964 255 455 568 91 131 644
753 226
913 99 408 538 228
264 118 236 235 45 497
340 442 236 575 952 765 684 277 955
211 233 966 131 165 235 808 652 61 165 860
550 135 310
242
163 586 2 506 27 176 678 872 627 189 373 663 436
35 67 224 512 722 46 188 829 257 878 695 592 886 63 651 653
950
767 303 986 476 830 908 541 149 941
833 546 272
591 516 702 104
140 242 261 528 432 304 753 23 125 968
405 586 663 927 632
873 692 895 375 916 479 483 497
113 194 594 765 153 739 102 964
641 760 189 284 285 401 272 902
513 641 147 54 155 192 237 893
167 139
94 662 732
188 775 676 460 354 694 709 579 921
257 154 235 155 891 685 600 858
395 472 530 646 525
284 818 908
666 288 786
70 753 154 646 748 760 731 683
397 381 763 27 883
220 827 921 462 320
723 26 974 275 764 91 98 312 723 786 904
29 299
814
230 593 109 585 916 261 2 436 140 367 246
522 937 321 647 827 625
710 237 522 908 27 442 61 19 414 960 941 982
672 991 167 687 401 862
436 968 435 479 424
2 149 674 715 154 522 425
17 482 721 885 804 647 913 585 988
966 220 257 66 107 366
608 570 585 108 538 285 220
224 764 775 896 35 382 155 885 315 328 490 740 356
608 570 354 936 312 898 585 850 908 158 135 285 220 316 451
131 59 797 479 539 285 187 45 265 514 430 271
235 548 864 373 210 764 912 272
211 63 179
304 38 178
78 389 54 878
503 235 262 709
82
663 705 113 142 689 864 8 896
312 384 539 578 864 356 767 1 941 250 921
606 14 585 779 872 52 382 284 243 622
261 916
242 681 1 799 102 470 447 861
151 956 61 554 135 619 847 41 450 681
292 188 150 639 548 463
937 70 601
67 237 921 273 624 163
411 649 425 594 253 110 908 946
117 284 465 883 398 138 303 872 925 123 631 104 710 375
188 377 408 192 284 549 521 114 905
163 34 857 70 763 641
226 786 714 548 827
369 49 388 585
119 265 640 658 720 862 269 535 548 758 865 827
264 440 996 276 678
896 284 684 503 655 408 478
585 928 278 841 398 663 937 913
145 466 325 777 996
950 539 720 702 483 663 472 899 385 17 996
211 212 360 955 425 827
864 837 472 56
816 395 428 731 118 795
634 886
534 428 510 830
142 646 716
516 647 878 893 297 402 864 136
127 401 143 327 760
261 705 19 374 503 799 514
281 585 609 827 45 61 751 904 78 542
27 304 611 261 434 956 946 38 23 178 201 326 632 680 754
378 45 457 982
862 187
126
528 304 733 265 397 2 779
