242 647 827 540
890 150 192 731 784 703
921 937
183 913 866 23 765 158 639 878 893 983 839
414 397 606 915 24 424 920 512
118 968 45 167
261 348 167 837 884
797 696
273 753 343 540 513 368 652 774 397 634
829 189 497 681
327 580 243 312 422 303 818
890 242 583
170 397 295 45 304 512 866 687
767 194 491 884 227
257 8 456 447 500 844 858
180 138 864 375 669 190 779
154 176 447 571 666 883 732 866 399
647 818 784 852 775 963 129 913 966 212
45 401 587 625 611 877 771 784
784 878 892
479
246 585 930
698 237 284 271 472 512 731 128 694 816 781
472 775 647 71 125
183 885 959 775
568 924 394 161 440 899 143 662 827 210
216 189 775 196 433 491 748 753 134 582 672 884
277 711 180 625 303 757 528 8 192 304
284 548 738 295 44 180 90 312 364 365
149 587 946 91 752 910 164
845 94 207 277 459 663 913 176 913
935
226 663 451 786 902 551 49 548 827 285 57 113
490 966 505 145 783 193 731 959
492 611 309 667 804 723
277 154 663 485 788 751 946 629 318
964 257
310 537 399 242 716 760 304 898 52
473 539 195 242 347 921 978 42 710 67 170 411 884 561
865 154 318 519 560 959 606
827 378 284 626 316 506 941
885 838 273 62 339 517 548 794 986 827 465
188 469
517 808 366 127
32 433
140 242 261 528 753
770 394 8 548
472 705 17
833 478 295 272
318 781 24 770
904 224 539 761 866 639 228 920 839 554
260 799 528 959 127 251 845
5 877 62 273 865
480 539 228 537 674 257 539
392 643 866 866
551 363 548
679 864 904
771 318 232 702 395 781 455 771 226 863
864 285 375 669 190 779
188 284 385 818 908 549 633
220 827 181 462 320 388 423 655
154 45 260 548 150 257
386 568 644 510 402 309
20 604 643 385 540 764 231 97 764 960
261 8 503 986 551 433 476 830
764 176 575 157
78 703 387 712 962 994 131 176 88 176 272 422 754 606
453 620 107 878 272 42 615 45 922 652
509 899 220 366
644 87 472
827 788
79 61 935 285 357 573 562 165
688 549 207 70 466 522 192 225
549 615 426 711 735 385 935 921 140 226
303 173 233 520 414 857 964 193 328 795 546 108 177 41 996
464 873
46 808 687 288 525 147 568
905 960 193 395 896 107 295 447 959
473 542 915 960
959 986 305 864 721 22
864 61 116 512 190 163 818
226 39 124 688 455 207
836 473 882 27 149 769 113 440 118 98 486 767 290
870 663
44 216 401 710 33 877 17 476 561 243 622
509 673 899 220 366 41
311 649 391 29 633 299 816
226 163 221 492 537 941 269 788 673 849 619 861 922
862 244 198
272 602 61 775 594 913 884 187 32 754
255 259 639 626 79 457 343 765
775 825 473 669 920 466 950 414
512 767 312 278 754 512 289
334 150 687 616 548 797 67 399 537
193 348 201 229
61 414 959 274 779 924 303 113 181 531 937 289 304
269 227 127 214 401
538 82 63 390 754 947
512 142 512 521 893 154 365 281 212 646
45 261 135 397
