513 8 521 548
222 290 775 351 426 873
193 337 476 343
955 600 8 396 771
740 84 771 50 188 285 397 586 737 155 449 733
188 937 246 489 195 192 930 297
154 176 447 571 666 883 732 866 399
457 138 494 251 548 61
663 19 153 739
131 105 540 611 646 769 952 801 189 231 69 79 492 581 937
133 228 498 569
884 94 525 161 125 134 294 395 711
257 500 261 354 423
26 727 911 643 869 194 441 779 188 284
22 395 744 764
549 573 110 285 876 959 135 663 52 506 779 964
864 705 663 883 457
538 556 305 978
544 658
942 852 61 814 748 931
192 225 814 341 336 608 658
414 711 784
226 163 221 269 866 986 619 861
233 886 896 91 196 226 924 316
908 467
140 625 767 210 908 946 143
576 107 150 447 666 959 359 550
915 21 284 388
234 872 138 448 872 737 178 498 695
323 467 91 644 87 312 472
601 312
449 193 973
259 674 751 347 784
281 466 883 154 927 414 687 73 792
505 783 397 827 303 726 289 554
512 127 43 45 816
538 479 858 46 447
224 272 5 131 816 302 770 872 639
340 211 952 63 179 684
497 354 638 261
70 556 687 821 269 539 744 63 472 147 753
8 428 467 155 522 405
317 422 886 492 440 674 341 265
158 534 942 643 14 299 771 57 855
950 138 528 591 770 506 332 549 751 641
266 78 295 554 763 303 118 930 842 98
288 388 864 904
226 50 127 414 455 277
580 646 884 950 375 617 720 125 189 78
265 950 90 882
70 290 154 357
797 610 514 288 430
128 255 916 284
192 453 107 564 945 986
497 289 696 193 310
361 287 751 42 615 45
834 235 149 535 183 827
687 538 42 154 148 388 585 414
368 539 210 483 898
397 947 646 71 401 592 688 647 45 769 154
436 479 655
760 130 561 187 226 455 698
921 432 522 878
27 253 59 813 930 118 401 326
367 767 950 261 385 610 429 839 537 647 140
814 786 538
493 941 161 872 551 455 61 294 864 959 555
227 320 986 944 235 295 658
512 616 91 188 751 451 748 913 885
104 647 45 276 922
622 138 506 873 332 751 649
140 7 814 862 864
285 568 187
295 402 859 499
143 530 852 899 964
829 395 722 265 181
110 285 876 135
78 381 913 41 899 593 751
291 212
165 525 612 385 46 434 295
304 93 363 767
2 758 893 315 705 209 490 740 616 941 290 727
237 472 265 950 486 646
942 61 546 779 970 623 864 565 799
922 147 952 192 318 343 272 398
22 59 145 24 839
131 242 309 538 413 540 814 986
485 29 222 478 539 604 71 90
341 312 658 801
265 413 318 472 998 622 138 506 600 332 431 447 740
397 930 879 29
265 397 959 4 477 87 168 2 801 781
594 538 960 964 192 304
311 222
530 614 414 784
313 814 991 378 189 784
59 145 135 839 531 803
39 176 883 167
45 966 165 269 860
222 601 705 199 228 376 569 9 314
