242 681 457 776 447 212 243 904 920
104 619 708 516 385 414 689 299 236
395 775 125 814 375
762 932 127 467 470
956 709 705 61 210 842
581 250 455 641 864 924 227 968
520 438 634 653 731
512
33 195 883
340 814 321 514 647 986 952 684 928
762 467 512 940 211 222 126 851
753 20 448
67 765 288 412 214 211 542
42 149 538 616 950 299 427 531 3 883 34
61 473 663 711 284 801 816 816 242 269 488 690
522 815 311 362 797 842 416
299 695 761 2 862 893
767 154 299 131 766 920 3 988
528 690 551 634 799 496 257 730 273 748 764 145 487 432 949 395
829 986 7 622 862 435 155 783 17 90 320
33 313 177 273 7 517 588
378 45 982 633
811 464 8 493 733 758 717 748 335
189 903 285 435 341 390 820 455 372 884
865 29 284 818 513 448 639
328 506 917 255 211 212 425 852 827 506
242 382 862 864 411 925 198 759
611 667 804 723
46 955 611 667 804
198 54 163 164 62 91 763
647 784 963 966 212
935 228 753 760
834 61 830 131 766 941 566 925 985 968 609 17 492 983 272 870 324
529 235 128 3 290 311 510 180
647 228 564 163 288
500 163 457 108 987 988
222 290 622 775 723 351 426 273 873
82 865 470 194 49 910 154
703 853 289 310 193 821
396 765 131 548 863 13 257 158 359 537 771
464 530 615 755 90 649
290 663 964 647 588 830 797
71 376 291 568 496 876
158 942 299
188 843 268 87 267 801
652 612 161 309 723 82 419
537 760 902 769 437 968 62 158 284 835 45
921 996 257 696
515 495 446 491 242 753
520 872 5 662 686 359 593
770 394 500
94 662 24 732 770 365
902 267
497 378 562 647 881
510 539 228 472 135 593 905
497 354 638 261
401 148 916 639 303 413 473
849 930
788 902 447 814 140 687 937 422
206 666 716 22 760 864 363 743 371 381
753 941 512 373
242 295 373 614 1
864 272 964 193 568 952 29 423 508 600 753 260 284 226 299
775 748 830 362 348 468
900 284 580 485 443 91
612 822 66 490
413 781 646 730 395
312 495 562 8 396 666 930 723 889 538 941
341 492 788 647
101 434 436 611 849 309
681 924 522 646 61 633 140 5 731
414 261
110 285 852 78 876 135 712
242 328 873 288 802 54 138
390 663 70 209
516 779 568 952 760 56 116 910 56 8 187 503 992 221 383 714
354 936 211 388 885 278 746 783 309 910 779 343 451
13 973 820
550 381 663 306 495 862 432 562 666 125 27 930
76 921 97 633 913 14 440
814 849 549 752 930 299
986 663 435 883 34 783
255 551 91 688 470 666 765 304 464 27 187 473
515 75 512 901 870 986 476 562 830 149
228 920
690 42 226 753 767 730 17 299 877
210 226 66 573 193
378 549 45 261 982 633 90 465
887 22 775 55 192 654
539 732 986 986 361 399 228
797 69 492 594 937 514 430 731
241 432 522 886 125 646 764 569 886
740 84 737 44 864
996 28 754 946 188 302 924 2 399 769 986 467
893 303
133 228 498 569
143 530 852 899 964 281 303
575 32 687 996 310 123 631
13 591 703 864 775 853 35 821
102 842 402 591
