327 79 753
185 281 865 767 540 864 33 476 429 243 622
539 285 187 554
694 309 522
21 284 295 902 435 666 390 743 371 167 381 23 716
347 674 792 694 135 760 593
309 265 440 763 42 228 210 312 8 70 407
528 860 265 513 61 131 226 397 2 550 235 779
281 45 751 678
134 568 294 647 45 711
497 354 638 261
685 927 800 937 385 513 340 827 612
288 195 681 316 775 872
5 510 5 666 612
341 188 138 143 492 327 183 788 673 849
826 601 312 594
740 910 284 424 611 138 884 564 816 781 564 674
305 634 549 698 492 17 235 740 855 27 155
447 154 880
634 955 397 903 374 879 29 408 840 344 864 548
816 663 113 959 864
67 131 143 59 227 479 214 265 271
389 600 327 960 3 161 730
183 473 959 193 425 433 29 604
951 539 769 569 863
829 150 666
138 538 105
663 246 304 341 220
698 190 284 359 6 472 731 884 633
45 911 194 441 188 297
663
2 235 435 672 966 711 611 908 299 896
770 196 806 927 61
935
378 660 414 57 472 737
125 145 775 594 721 187 678 432 476
195 22 91 131 151 466 285 8 886
947 810
83 473 70 359 587 679 548
753 17 748 312
557 237 626 136 666 986 304 295 753
753 277 302 376 935 711 647 54
617 456 928 61 221 27 207 550
237 857 921 940 684 830 362 348 468 150 237 201
138 921 470 886 937 321 304 441 586
955 959 150 180 469
435 341 390 716
890 242 583 678
88 988 389 818 190 525 68
244 731 140 829 302 982 304 790
267 674 381 904
932 859 189 2 448 764 279 655
116 435 513 562 341 390 667 716 569
455 890 522 662 432 188 210 133 373
139 859 189 658
873 87 626 649 982 683
760 608 283 746 0 597
176 53 458 612 359 460 432 878 769
8 428 927 326 23 155 405 237 612 513 754 75
311 624 830 893 732 269 737 986 399 509 544 611
183 816 193 17 98 465 498 210
925 627 185 828
751 649 448 663 632 19 22 54 108 177 261
818 376
816 123 786 414 235 509 711 802 190 506 79 711 883 385
951 769 966 674 687 731
299 309 710 798 736 942 193 29
522 762 467 528 497 681
267 91 708
61 708 516 743
641 131 532 27 331 514 98 848 312
606 674 733 226 552 64 622
295 685 864 61 116 267 190 490 731
762 469 210
644 663 687 285 183 942 193 908 167 528 278 288 538 726
740 910 424 564
646 886 62 257 783 920 45
455 513 289 432 70 188 441 588
158 116 424 942 45 299 514
272 302 549 276 639 27
827 269 119 278 646
147 194 398
17 884 492 562 677 730
359 328 394 513
592 941 578 788 513
211 63 179 991 664 784
216 753 711 440 748
528 189 13 921 608 154 27 27
1 799 102 470
39 389 753 147 216 401 810 877 883
797 311 986 827 893 315 696 703 193
986 288 784 921 938 17 26 934 797
989 402
555 188 641 491 39 662
903 510 466
865 550 883 429
982 949 836
442 893 626
317 448 108 440 674 365 265 226
67 193 827 257 292 913 243 601 608 924 873
