996 946 188 924 2
516 647 297 835
921 937 219 510 441
490 104 193 388 667
216 927 20 70 45
534 428 510 830 216
591 299 395 893 674 968 225 751 398 711
645 385 276 70 328 777
808 267 91 708 125 145 361 772 276 23
143 991 610 538 140 242 261
289 613 336 735 913 497 548 767
84 204 771 727 398 272 263 978 592 840
228 515 421 988 539 29 646
431 376 455 513 146 284 539 694 829 873 66 784
521 775
538 539 847 811 304 760 128 604
26 89 424 110 127
221 422 538 901 209 592 602 222 538
142 269 66
698 140 884 422 154 816
816 902 849 569 779
414 539 656 565 799 483 611
791 22
549 478 764 825 35 67
771 709 771 8 302 903 227
479 344 864 294 619 943 900
466 522 672 276 580
639 663 893 79
764 478 176 441 835
2 402 712 758 987 45
28 181 277 119 764 71
178 608 873 761
401 806
344 35 913 376 801 924 393 709
289 83 820 820 261
835 920 45 641 973 647 277 56 515 689
388 921
376 433 753 291 735 466
44 827 455 5 17 125 801 388 154 516 136 191 844
102 845 149 742 22 207 686 913
309 183 522 78 192 903
740 50 49 171 737 753 856 91 44 864 519 690 42
937 212 289 422 460 710
151 882 227
902 228 210 8 70 407
797 514 430 548 593 558 890
299 600 302 781 188 387
222 290 775
375 732 548 738 366 588 192 414 547 0 235
143 408 32 91
83 261 820 336 394 705 402 842 378
45 261 135 397
222 286 388 592 920 94
885 45 669 804 303 818 303 585 784 216 859
61 221 466 867
937 70 601
19 113 694 309 424 522
753 284 510 278 473 801 803 811 488
455 902 187 904 189 811 397
90 226 212
414 461
775
827 986 369 295 721
102 42 39 489 476 22
236 788 359 455 633 377 777 769 90
226 516 663 50 113 328 737 864 8 288 804 896 127
464 733 758 872 717 748 872 335
663 885 45 940 950 56 281 294 237 885
158 913 500 4 942 299
131 294 766 17 820
71 916 266 436 964
244 128 39 548 678
550
63 770 902 394 8 239 364
424 777 29 945
210 304 513 190 276 27 447 461
458 180 884 147 285 194 288 309 424 617 237 395 127 398
959 433 29 376 479 344 864
814 744
70 556 687 821 472
893 154 365 389
281 45 751 678 542
104 78 913 41 299 899 335
385 43 367 266 288 414 902 242 422 273 302 82 401 864
68 666 923 968 79 779 861 28 88 271 198 827
414 731 397 880 506 539 226 448
513 669 966 147 216 401
158 893 242 433 408 440 893
698 284 672 61 884 117
455 125 388 582 547 440 470 674 864 913 46 506 655 777 811 554
753 395 472 226 679 530 646
960 647 482 777 126
610 751 873
515 495 446 491 242 753 901 327
512 810 414
455 510 189 549 775 516 950 604 643 396 751
432 463 154 522
24 242 862 616 625 775 411 727 937
525 375 469 795 419 849 600 930
591 892 257 711 890 429 344 27
