397
814 71 608 649 140 731 125
150
513 359 405 586 663 927 222 8 769 855 436 70 521 548
183 433 291
913 506 554 360 849 135 619 45 69 492 889 937 777 269
737 140 737 214 629 498 185
117 455 79 185 922 59 592 880
510 811 639 78 304 760 128 393 709 604 631 962
8 1 214
781 465 716 473 148 687 864
438
568 226 550 271 938 22 375 856
663 901 42 183 538 571 663
669 920 516 465
138 235 711 147 672 811 163 304 760 779 604 365
950 142 669 22 827 260 158 108 435
236 368 678 538 941
539 816 608 811 959
581 250 455 235 522 227
711 633 884 318 343 59 460 549
24 616 619 611
127 480 788 0 432 432 183 236 767 301 959
185 269
70 132 373 562
617 550 221 207 550
748 42 226 763
731 937 278 870 606 45
788 81 131 672 823 395 761 117 28 387 573
125 816 303 652 424 489 779 941 237 193 779
863 497 529 4 23 448 766 163 257 681
915 902 904 539 760 443 72 820 276 770 414 388
663 131 151 466 762 7 904 663 193 17 210 467
455 634 549 604 396 903 751
620
176 941 145 209 117 163 49 950 143
538 921 148 414 276 896
209 104 320 376 694
61 559 612 822 66 441 908 63 490 261 522 821
760 136 273 809
71 473 392 814 306 986
311 830 748 760 578
498 805 167 425 872
226 786 714 548
188 616 226 389 988
805 505 104 986
959 146 528 829 873 90 612 78 646 538 550
884 34 779 703 104 885 516
512 935 228 221 663 753 962 176 616 760
626 710 138 663 75 761 674
265 397
131 825 138 329 950 414 581 672 27
140 968
856 56 440 422 515 989 154
641 192 185 663
634 903 374 408 840 273 548 482
235 529 711 66 147 472 672
619 856 509 78 422 515 989 216
666 941
226 163 221 537 941 269 866 986
575 442
87 856 255 628 273 455 237 513 610 790 619
285 375 711 20 658 253 128 318 105 510 861 979
806 966 781 278 779 678 988 125 29 227 776
959 795
478 295 612 822 490 821 478
592 320 779 277 472 873 49 548 163 959 431 512 884 811 932 168 830
531 941 920 890
127 529 309 960 66 472 349 290 311 373 510 913 964 190 555
212 955 397 864 42 930 702 879 767
192 246
52 414 713 295 27 266 45 367 920
872 880 974
105 548 902 740 390 79
913 506
834 873 235 149 183 284 375 723 786
451 466 681
538 935 858 46 852
824 39 389 753 539 443 235 276 770 831 276 414
966 165 810
760 345 649 52 448 108 177 996 226 310 690
45 367 61 817 288 705 290 91 437 35 422
93 941 904
211 576 131 401 466 272 902
779 548 61 335
264 705 808 625 794 214 497 996 212 489 91 765 235 309 542 528 192
22 395 647 744 764
187 955 8 237 830 912 451 638
45 721 905 78 384
210 313 211 328 61 643 298 479 916
150 771 209 236 381 480 514
158 804 549 942 67 17 299 931 27
313 211 328 61 298
291 937 371 433 360 113 131 253 29 212 334 406 456 242
66 804 45 102 656 54 155 547 549
538 5 892 107 226
686 795 0 845 401 414
350 751 399 445 884 781 760
512 721 887 829 695 63
530 248 369 679 327 192
