614 49 226 911 748 626
347 549 440 548 738 884 825 192 474 44
24 72 864 3 237
532 988 663 385
110
158 633 979
694 925 261
757 163 344 857 986 35 70 763 367 190 222 555 801 924 393 709 132
902 586 627 663 569 705
711 436 154 479 655 711
378 833 188 790 81 864
510 639 78 816 925 135
784 591 826 413 752 774 790
804 367 23 513 54 155 237 612
98 368 84
731 457 143 801 54 188 790 113 966 70 165 494 304 860 835
615 755 616 774 551 261 70 279 655
341 492 127 962 788 277 176
201 229 372 594 829 17 538 921
193 5 467 667 612 101
727 764 803 33 69 646 462
375 173 647 857 108 177 754 746 143 830 299
278 17 568 754 284
548 379 131 151 466 303 532 726 395 928 375 468 168 383
360 438 941 849 71 473 855 269 606 685
905 760 295 43 389 295 538
950 998
71 473 814
414 797 959 477
500 720 27 546 180 585 513 46
490 398 716 17 188 864
228 396 830 930 943 538 834 5 495 816 455
154 145 183 864 555 904
816 838 98 423 498 385
163 226 303 905 723 872 258 888 522 930 71 220 155 541 941
213 261 284 625 809 336
397 1 746
132 473 284 816 265 267 550 579 771 242 269
375 431 920 777 177
431 424 974 118 968 927
105 374 764
760 624 893 732 512 126 176 237 866 269 399
959 285 447 45 69 849 876 624 673 261 285 506 779 436 950 964
183 140 367 751 827 285 617 604 611 173 45 492 927 514
158 181 397 681 260 942 299 632 733 913
20 56 959 70
288 27 941 647 688 455 968 348
361 373 884 176 817 375 960 555 834 538
235 45 497
131 198 594 177 145 521 542
391 858 276 163 260 797 866
633 811 304 155 911 760 128 727 731 604 365
269 568 674 801 8 593 600 739
285 432 180 188 842
687 148 921 130 937 383 42 473 687 441
355
116
448 336 365 226 285
41 516
433 196 866 61 91
188 740 63 246 50 737 44 864 930
767 753 113 226 397 771 804 845
509 673 899 220 698 505 792 883
143 498 473 616 5 753
42 153 678 302 646 181 272 791
288 516
284 105 626 136 663 727 397 763 470 818 908 633 616 432 709 804
694 189 8 657 789 42 302 633 930 927 66
193 375 827 257 431 292 913 920 950 601 777 177 909
295 680 355 749 862 187
702 873 622 790 57 155 950 538
870 271 414 539 897 246 524 540 568 991 643 864
45 602 266 290 91 35
811 402
284 397 763 179 818 908 624 359 633 753
45 803 744 800 937 290 91 174 326 35 340 228
35 947 388 883 592 862 920 94 432
862 585 609
13 557 818 973 140
104 299 335
538 305 192 225 978 8 624
818 188 594 385 513 804 482 721 549 918 440 687 968
269 611 242 521 26 666 904 905
279 655 155 921 35 264 460 496 760 985 276
397 257 388 549 927 108 684 860
362 764 244 854 754 35 188 963
189 288 481 281 306 885
804
82 473 801 879
686 154 320 544 756 399 155 449 809
251 716 775 34 492 116 744 181 61 546 649
440 795 864 904 451 765 0
147 23 614 1 401 108 398 817
646 154
762 467 512 940 211 126 851 299
150 82 272 276 901 930 52 769 261 622 455
395 594 472 288 804 646
269 698 394 284 201 8 155 220 652 666
139 859 189 365 647 658
437 473 270 466 401 235 397 414
